87599
222547
81199
84165
285349
87119
55527
83275
85767
78431
83015
86187
285421
305621
86575
78107
56397
80223
84691
55859
222747
83939
306257
89349
83179
89485
222947
86827
198461
79875
85455
55899
84507
79495
83027
86027
88139
249013
78383
83487
271707
84515
82967
253545
78651
90133
55503
83119
81535
88719
78411
306397
86935
87791
306041
87055
80083
253601
306289
56041
78347
79163
89393
55803
85943
314861
81859
79331
87319
56709
84267
88571
198401
253713
78103
82023
329829
83299
86371
223051
88231
89049
81471
314853
82083
86571
89765
84679
78171
250339
56409
56261
55471
305889
84287
56169
80431
79831
56297
288773
87163
89537
203741
285601
285597
305409
82619
56293
82907
83567
83191
86087
248993
85079
222611
88659
244527
83507
198437
55687
85835
86163
222627
79023
82903
314821
79043
83151
272003
222907
55951
198441
86219
86107
306281
222411
314941
55415
222555
86167
271735
285381
56113
55331
83223
244203
85603
87243
198393
228991
322509
55907
78063
80079
244263
82115
222375
271615
81727
244295
244299
248129
305485
86607
89237
271603
82455
86299
55295
80175
81187
327147
239699
244531
322411
305937
84055
222539
272051
305929
306249
250315
85575
86691
87419
89413
79251
83399
55915
86715
89845
86679
86795
244247
272111
271467
198381
323235
85187
285293
82339
222703
314869
55343
86623
229111
82079
85695
88803
84867
84343
250459
55643
87351
83347
285345
238931
244231
314933
253645
306161
83975
326083
271439
88595
326135
244207
81715
285589
55451
79411
81067
84139
86835
222367
326075
78867
321293
82539
55511
222423
78583
55531
82855
83359
329833
222815
285593
78691
305981
84519
253681
244451
80039
81923
83323
79547
84759
86075
86071
81723
322419
86663
85383
82647
78051
222835
84651
81063
79391
87535
82179
82563
305401
248229
253625
285413
80343
87779
228719
222575
79903
88747
305813
56011
89089
87247
78995
83987
78759
222899
78719
88567
88953
89241
253649
56549
88819
82479
271647
56173
306197
81267
228819
78779
316987
87235
78895
222859
55283
79167
87467
229187
84915
203765
89649
87151
84659
271811
79379
89509
85723
79659
87403
81907
79535
79699
80019
222663
83551
88391
305597
79203
291323
80931
78879
81499
229059
79511
285357
78391
86135
250279
306117
55883
56209
56105
81015
85783
78215
87767
83999
84859
271547
79355
56393
86547
305529
87023
87059
79775
56713
305905
83535
79171
82951
87959
330285
305517
85091
285501
89405
81251
88343
83711
253665
89689
253641
78783
79471
79067
253701
89345
222335
85263
78959
88311
85639
82427
305693
84075
80003
82011
55923
228775
285321
83243
83183
88063
88439
55455
81419
80099
89245
86627
87379
89361
81043
272139
89077
305413
55783
248193
288515
83475
83839
290901
88707
272059
82111
85987
81035
84947
271843
56553
79595
84827
321269
222459
84295
86003
271543
229043
85863
89713
90037
79367
81851
203769
222999
78239
84335
86043
84463
253577
305729
305721
82843
55623
272119
83611
84767
244427
86387
85223
250503
81587
56233
289421
86019
88763
228739
285573
79667
83683
79671
229183
85551
89153
228807
86427
89225
89397
55663
85579
81639
89633
81883
80939
85255
78715
89953
80895
306189
228747
83923
82991
305425
55543
56177
87459
250479
305769
84219
228863
305649
85763
324527
86059
285561
80111
89825
253685
222683
253749
86763
81379
285397
81647
87323
89673
78327
285437
80415
81243
81635
83099
82139
327529
86123
250535
82863
222707
329817
88933
288541
89841
291013
198433
314175
56577
81879
80907
303725
55851
85195
89829
317199
82987
83339
89217
228855
84975
84123
79707
229151
83431
284691
244495
84579
79427
78175
84239
222323
314889
87575
250415
81899
79419
82747
81939
55419
56037
80143
86651
87531
84091
83307
87303
89101
198473
82531
89981
82387
306381
88335
306321
81219
55591
83851
305797
56281
79343
84131
82319
83279
271847
285477
55443
80183
84183
84831
87855
79843
86063
85407
89581
321333
80323
228923
81603
203745
289113
228759
82371
78667
272055
82471
87719
85947
244347
80359
84907
83423
222743
222455
229051
87111
55871
85435
87811
271839
305521
88639
305833
55327
198389
88195
80871
88651
285373
272071
84175
271611
255271
85799
85351
222487
80371
250335
329841
78127
88535
305957
83627
83919
306213
84755
88997
326095
79371
79199
306317
222927
88783
84923
78843
198449
228943
88827
82003
87567
56225
85147
305505
305801
87171
222463
250367
83375
85007
229027
285509
80407
56133
253673
79151
253573
305953
55351
55387
285425
82219
78947
83547
87295
81335
85887
86243
89805
56109
89133
87343
88627
86179
306385
79723
244135
87067
88635
222919
81875
82159
89305
329821
89021
83623
78815
87583
55403
198405
84019
79387
84735
291109
82959
89601
288791
81711
285353
88807
86591
285565
244179
87255
291003
82419
89773
83639
85815
86675
89989
78731
206603
222379
85663
285301
55487
84883
82755
81807
79159
83043
80387
222587
55339
305997
88799
79267
88603
86595
321261
86967
272023
253581
83227
56605
84475
86403
88055
305717
305457
248581
314881
87339
222435
78975
85651
222535
222427
84407
222891
81627
223067
222795
79283
86127
88711
271663
56221
81363
305893
271767
79591
85675
83673
55271
84003
86483
79179
88427
84895
305941
55551
83391
87203
79851
88123
244523
314187
222403
81203
83067
86203
83135
87451
88263
285465
88347
81843
86287
79583
80159
85939
87263
88275
56369
203817
83287
84999
83079
80883
81447
223059
79271
271763
85355
244307
229003
314937
78247
85539
78151
305777
80847
82999
86759
228915
87311
306113
81915
250343
305857
80327
55811
79443
285429
239707
306169
79003
85287
82935
222667
81823
86155
85143
84675
326123
253697
85543
55367
89521
223019
228847
86887
82155
82607
85587
222679
305745
85431
306313
272007
56161
82063
84527
82815
85467
88011
88957
88107
87103
55275
86283
89365
86619
272047
321289
56229
82611
84187
84479
239393
79287
88917
86391
321277
239403
89877
81863
79711
86695
81631
271483
89181
89737
285297
79231
85247
55579
83455
87279
82711
271591
55539
88767
55427
271851
84199
250519
305565
82623
83395
222551
305781
79239
271731
87699
80903
222559
327539
55819
222351
79787
88723
55399
228987
222711
323413
79439
222759
222639
314769
55903
285641
84643
80427
81403
86491
84115
79539
56721
79219
88239
83695
56569
79899
55599
83171
250327
80863
87447
89701
222407
83315
248201
83991
84231
78635
78599
84263
88043
82971
55431
228971
271987
244339
85851
86047
86267
87027
85135
87923
83267
288499
82811
79463
79499
85915
229095
87275
56593
305473
82263
306273
55671
314885
81375
85979
222751
89501
305917
244399
222803
244303
55355
250515
84803
228815
56625
80071
81423
305793
222591
305525
85215
88323
89389
81315
78595
84421
78935
84959
244391
228823
250483
285365
306129
288815
87187
89001
229011
86911
306181
86987
89165
84059
239711
79103
89705
253693
314199
305657
80195
85959
88811
306193
82415
250275
86319
244335
82679
79303
250395
285649
86659
83995
78147
228751
288717
56761
244287
89685
82571
84783
79291
250435
89033
228767
82447
83803
55675
306001
84903
82459
80119
306145
222371
78687
288457
79047
86031
85063
250379
83783
87415
83879
271627
87127
253741
79243
272031
78659
56117
85171
285369
88731
82975
88267
82035
89741
78443
56333
87819
88211
86767
84439
253613
81515
222583
89681
250523
288803
305869
89325
222963
56601
78859
285577
222779
83107
86907
272043
285361
222879
85403
88683
89565
89273
85607
89281
85059
80319
326127
88507
305949
79487
81427
85395
244395
55659
88067
55987
229131
85659
229143
285457
83363
78071
56269
84135
85711
82375
79247
203785
305433
90065
203733
290911
228903
83019
78791
79299
84739
85271
81547
86327
80291
83927
244291
56077
56629
55847
83591
305509
82955
222863
229175
79867
306141
249039
83595
89201
306297
90125
89277
306053
310459
222787
272027
88591
55707
83831
80267
81815
83231
56349
81911
79075
81231
89317
87675
88259
78739
79323
86879
223063
78403
253637
85731
89789
86743
80123
79679
303781
88459
244191
55919
87607
228935
291133
78927
81707
83239
83835
228771
306069
78111
55563
85475
89725
271727
244115
81359
56329
244431
229147
285653
83175
87763
83531
55559
285449
82103
86347
81955
84327
326119
55483
86447
321321
244123
250475
289125
81795
305557
55379
56019
87439
250419
250547
83523
250487
271999
83387
83519
88331
82055
83743
87951
222767
82007
79523
84863
88451
306165
86927
56345
253597
285377
250495
80835
285569
82487
85083
88103
87547
271855
87315
327111
81155
86339
305921
86631
79807
83115
82027
223055
272159
55391
82799
222515
203761
89197
83935
84875
88003
271599
83827
84843
244159
55959
80211
83271
244183
82819
222595
84727
84391
84603
88679
228999
272035
78923
244259
86395
250295
81023
80027
306269
229159
84743
271799
84987
86139
306177
82727
80959
305965
55615
244235
90049
84023
88059
89229
222911
305761
84171
81167
81571
87551
87659
86947
85339
78919
248157
87131
203729
79399
244471
79175
87383
306369
56061
228795
314945
85635
305737
314797
82671
87979
208839
87803
270061
79835
84595
55535
81159
271631
87079
228827
79919
291349
78955
81971
222931
85227
82431
87859
80919
81083
83355
305861
55555
87007
83283
87083
80135
321297
55607
83003
89865
84899
87935
79071
88631
80295
314833
81411
88383
78591
81103
88403
244491
244511
55891
55963
82851
314877
244519
86111
87731
83435
81319
228871
88815
87283
85047
80203
285645
83011
83319
81895
289133
82659
229019
87075
244375
329837
81871
222987
81615
285313
87987
85619
80963
253737
56205
85379
55895
86359
88131
80227
305441
85523
83411
55839
81283
90077
85691
222695
82031
305685
222599
271551
82631
271531
222883
88031
89873
272163
88579
85563
84795
87579
79451
55935
89861
81855
228839
285545
84495
86143
305945
306233
244315
86783
88159
89557
83791
87215
253745
80011
86055
55287
89069
55835
55927
306057
85179
87227
84639
85951
81307
55855
88551
253761
235917
56401
79783
222775
306033
56717
327155
78663
271807
285585
82383
290871
228799
305449
78903
306017
88511
250283
244163
89149
305629
82543
271759
203833
306157
81119
82515
55291
79019
82123
314841
270065
250531
55347
78407
83971
271991
80383
208743
89729
83883
88355
85335
83471
253677
78967
87955
90057
85111
203757
88623
244411
81179
81703
306121
306245
87667
88667
85371
85067
87087
84971
84283
305689
305897
55679
305489
79855
89161
81607
253621
253541
79823
87475
55759
87883
222483
87891
55423
78047
314905
85687
323225
82439
89269
203825
271563
83887
86903
82255
324499
83439
223023
87559
79991
306209
79911
222659
82475
89377
87251
81819
222331
83647
83731
84483
84619
84799
85243
87139
55335
89717
87703
85819
85043
90101
222383
306101
87587
56057
56257
253725
244447
329825
198409
285485
55375
84523
88547
88671
84631
86775
81975
89385
306305
88643
222739
85519
86223
82087
306153
222343
244351
79995
89661
250527
78187
82875
84839
81987
305585
85975
81943
81211
306265
56353
90161
78603
83503
305497
285505
285389
326115
79335
247295
56325
79619
288467
222499
79007
87591
198477
84811
80375
85667
88167
56245
244479
222651
79259
222763
244323
222571
244327
86979
78655
305913
229179
249047
56007
222563
83091
84427
82491
244535
228975
285549
272167
82719
80947
82271
79639
85087
244143
55567
86711
88443
82307
89621
314913
81395
89265
89045
288971
89733
84591
81591
229119
89761
55755
271583
89809
86331
55947
222991
229039
82511
222975
87387
85855
306009
222491
222311
88423
222363
78439
314183
79347
83815
253689
285409
82315
78023
82407
306173
89285
253529
306021
82919
87963
55319
84763
305961
244363
222495
327509
87487
284695
84143
84331
250407
285417
305773
55595
83907
81383
285633
250291
86999
89757
86151
85359
87995
88795
82259
55999
82879
84083
244331
305753
83891
285541
87091
89721
55719
81311
84027
85531
272015
55771
87563
250463
85811
270073
83559
248137
306049
78751
88047
87167
55515
78335
244267
83127
85459
222391
222531
86411
89645
222671
79115
84179
83047
88739
84451
85415
81991
84147
285605
305829
250271
253669
84235
244507
88913
82591
80307
229171
83663
90001
84111
306229
82483
89797
81583
79263
305561
83583
222915
272063
83795
222355
306373
55843
305669
79983
305821
82743
84647
198397
82579
85571
250507
87619
222467
326131
285405
88487
81271
304533
55975
78611
222339
83787
250443
229079
327115
79559
84967
198421
88083
86635
305593
89437
80423
228835
85827
89293
203789
86215
88179
78939
271623
88499
253661
271703
229083
56149
326099
79543
84611
89297
87895
228939
270085
83051
88035
222675
248217
84963
305681
82163
83511
285557
79879
78179
306125
78091
81579
305453
244147
56273
88751
89493
222471
305677
305461
81575
87651
55879
79051
222447
81435
84635
84815
81827
55507
84015
80015
79531
78875
89505
222543
83747
87643
285333
228895
84911
197025
90085
56557
285309
86855
78839
86811
55371
55411
89605
223007
81031
87799
81095
244367
305469
86915
86119
81287
305481
83539
87671
250355
56413
85011
89213
305873
88415
83039
85399
89013
82691
85219
78627
250423
222687
288441
79527
83755
84791
81087
285289
55815
87555
55587
305933
82895
271771
80827
89141
89189
82599
55547
83295
88543
85055
86115
85295
81415
285621
81455
285513
83303
314191
81671
86011
79131
85775
87367
85099
271671
82467
89749
228947
81831
84207
89837
89469
84387
83063
88299
55611
244463
305545
89793
229067
88539
81839
82615
86923
79863
83383
83447
82927
78427
306025
86459
89005
56137
86971
79691
222887
88515
89185
222903
79359
82603
55703
85015
89373
87983
79795
306301
85891
249031
272039
81919
88559
88399
83235
222955
244175
79467
81787
78043
89093
80399
321301
305817
78343
55359
244443
82267
85119
85755
228727
86727
87355
87011
83351
56305
239471
305581
56405
78415
85655
84107
89545
80999
85907
272019
56373
90157
253553
87287
250403
81887
244195
89465
56341
305445
87903
289033
305765
56003
272103
305865
228931
305709
84983
81019
82823
79779
89629
88771
78371
81331
79383
86951
82771
305477
78079
81151
86563
86307
81407
80051
85903
285469
80107
88695
250351
79375
87663
86279
84067
305713
228891
83763
80279
55523
87179
85267
285441
87407
87483
305421
306005
248185
271575
89313
82923
244219
305969
80155
291033
305617
81239
84787
85439
83443
55931
85647
229023
305885
89261
84159
222631
81867
85927
285305
55943
83911
86171
87183
78931
228811
89321
86147
253565
85343
228763
85615
288507
222923
229127
87615
244371
305589
83631
89813
222699
244423
79927
305825
229155
198469
79207
78639
78807
83167
86871
83859
87539
86583
88985
79059
222771
81295
79859
89401
79275
198413
314857
80335
291023
80987
87543
88171
88407
85715
79731
79579
250471
80199
85303
88575
82067
88961
79931
83459
56597
222799
78207
324519
250455
228879
84339
89309
86195
222359
229099
244251
86995
222567
83579
80283
250359
305569
84835
87019
235967
86803
79603
78395
84979
306329
80855
82787
79563
89353
288423
306045
56301
81935
81683
83195
80935
78643
56029
88327
83527
81323
81039
84775
86039
83703
244483
250499
89061
89041
90141
82443
250391
244499
56609
81131
79187
228783
56621
56069
55435
89425
244283
82899
87571
84255
84711
87947
81071
306253
285581
89669
321349
80831
55979
85275
85627
79211
85583
306241
88563
83499
55475
84663
84469
244127
87159
82075
56125
85879
222971
88395
83311
229055
85387
55655
85003
85739
55967
78231
80367
79551
271475
83103
244107
305733
86703
272107
81075
88787
83847
80151
81343
222895
81371
85071
84531
56141
79567
83403
82963
222395
250431
244311
305541
78143
89441
86555
288799
90117
56121
85131
84503
79815
198417
250399
228967
306221
79011
85123
88339
80023
85039
56241
84079
222635
87267
85019
83111
314837
87603
86083
89057
89745
253633
326063
82107
88969
83615
85207
84939
244119
86207
87347
79627
55955
250387
306309
314809
305513
303741
272147
209041
55863
222647
87871
306293
271559
55763
55971
84571
78119
250511
79847
55323
85327
86407
89357
82463
314897
78775
83979
86007
319207
305465
85479
83719
305537
87335
79307
82983
271479
55307
195647
78155
83943
306201
244475
253709
79147
229107
81695
84587
56181
250543
81011
222615
271595
87047
87135
321945
86227
81047
82931
83083
56213
88945
82587
222475
86415
272155
248237
84771
244439
87463
86103
88015
79643
244227
87207
250323
82059
85883
85931
55571
82323
88699
81699
81979
83251
222755
271723
87155
305577
314921
81747
314825
222399
222439
306013
90025
85871
83947
80035
87191
222655
285329
250319
80031
79651
79967
83371
305501
79027
80995
55575
305601
271683
88791
285613
89853
79459
81771
250307
85831
222691
81927
85511
253609
321317
88315
271691
285553
55807
229071
88715
78359
250439
82391
244187
86687
81811
83603
85315
89997
306389
79891
285517
81783
89337
285337
79507
84211
244211
250383
83571
228995
84071
222607
86239
305837
55667
87423
87199
89157
270077
86475
84855
285385
321265
56023
222419
253593
87863
88775
222643
85995
250451
81503
84703
86439
88823
253629
85547
222855
285393
89529
84807
78419
80815
86175
89533
87595
305697
88925
87015
228787
85191
305429
78907
81027
88519
87623
79339
83855
84195
229191
88583
290993
79235
79431
84151
80339
79587
81735
55491
314929
272095
56337
83123
250331
87327
244279
244355
79519
81387
84935
305909
222791
285473
203773
305989
271739
326103
88743
85491
253757
86431
288745
83655
285341
253525
305437
56073
81731
84063
88703
82911
88199
82835
82051
56285
84371
83155
85527
88363
285637
244171
89517
86095
83055
84751
56217
298137
253729
56049
85051
89801
56165
88675
87775
87063
314925
314817
222347
79735
81467
83479
87095
82503
228843
244111
56129
55463
88735
89253
271567
89333
90149
285537
326067
326055
84747
84487
79759
250375
79871
82071
85075
81687
222951
84215
88921
78191
222451
88727
80911
84435
85483
83263
229139
248561
82143
88099
244515
82995
89029
56145
55651
82411
272143
198457
56189
248165
80275
314845
84731
55447
88303
89209
84671
79687
85919
78695
84655
244239
82979
83147
244459
79631
329845
228887
84047
89173
324507
81107
253521
85743
78795
326071
229075
83491
84455
306325
86499
81667
83843
228983
85451
228715
87099
82807
271471
79079
250411
85167
305849
78911
85911
84779
80127
83451
86643
56201
82359
84723
86247
272099
80891
85699
228735
56633
85807
82523
83687
222783
89593
79183
85535
305417
305853
81931
82131
82499
87071
79575
87107
291267
90109
86255
82091
244139
78979
285629
79751
86867
55991
305741
88127
55603
272151
270057
314773
80975
86479
326079
229087
83495
86963
87031
89549
244223
86751
271995
79483
55407
56357
82347
86647
228875
229167
88371
78083
79139
84051
81275
81479
83515
89869
250371
87427
55315
203805
86863
89329
290765
85759
88291
253733
89085
89785
244387
86895
89017
80215
83967
84951
288523
89969
285445
83767
305805
80091
271755
78891
89497
84919
89205
81959
284753
79039
291297
222943
82683
78351
82827
83415
291043
89473
228707
89489
55911
86455
55867
228883
81007
78899
244435
84995
87687
253561
78031
81183
81983
85319
88555
198465
89097
81739
89821
78619
84823
56573
55875
314917
228731
56769
89817
79143
86943
305785
55823
250303
56197
87051
83963
87507
81567
250447
239211
285433
327519
56765
84127
89025
84607
222715
89341
87043
86091
89541
84247
83203
87143
85899
305605
84191
81891
78587
84203
84275
272131
55583
81259
82795
305993
56065
83247
82167
84403
83983
89053
83871
85103
250363
327127
83899
78675
314873
86423
253585
79743
244467
85163
86191
78771
83075
285609
85311
87715
229007
229015
89833
222319
88937
83199
88163
271555
55479
84871
89381
250467
250347
84447
305985
56417
78423
83707
285461
85139
244379
88989
306149
322321
83031
86367
314179
305405
79883
88587
86375
81679
86131
78647
270089
87115
87375
223003
86939
55383
305609
253721
84955
87003
79767
305705
83599
271619
198429
88071
83807
306185
270081
78999
82235
285625
83331
244343
84243
86859
83723
305809
81779
82939
82943
89453
305661
250267
85367
88691
86275
305789
253617
55619
83159
78435
305757
87035
87639
89693
253537
90021
81835
325847
85751
88091
198453
88075
89973
250491
80287
89769
79975
253753
83483
82547
86263
55439
80059
89849
55887
87259
86959
56185
89249
86379
55995
250299
285401
285525
79479
84719
83895
314849
229031
222967
86839
85443
90033
88531
56153
86291
87795
85735
88779
88359
270069
306217
88663
253569
314195
314813
81491
85679
83575
326087
87503
84887
305573
88051
78035
88251
88759
84575
319445
272135
82127
89433
79607
271587
78039
82663
84459
314829
56389
222719
244131
222387
84943
314893
84851
84891
79987
88831
89653
56561
81439
78823
84291
83211
285489
86199
200589
56565
80263
305533
244199
82567
222431
81967
306393
81399
89949
85787
87359
228831
89289
306105
83095
327101
250427
198425
55627
56193
84667
83143
78195
86231
271775
80147
85235
306205
55363
83059
80331
81663
88283
83727
82095
78631
83379
85411
244383
244503
81523
248149
253589
86079
81431
271655
55831
239703
56015
83427
89613
222479
82507
87039
84819
228979
83467
316993
87299
86067
87919
222443
55827
305877
87291
222527
55779
88431
250539
244403
244455
253717
81755
86735
88941
244407
203777
290543
80163
84931
88973
79351
314793
89525
85199
80259
306237
56277
228743
78055
79715
79571
88147
82551
79555
85707
82947
85507
79315
86919
244487
244255
285453
81459
87363
228951
81303
83823
85027
79395
253705
198385
253657
83087
222871
87691
271779
56385
86931
83751
80395
82019
80971
82211
89369
80239
285529
78075
86099
89125
289029
222315
253605
81139
83255
83555
82859
87655
271695
198445
78163
88503
84271
