56663
35209
33449
56369
54657
54673
56045
12831
18707
12419
55859
12851
48659
33425
48711
18675
12459
12555
18515
12415
18499
30319
60877
47285
12399
35177
30323
12547
48667
47293
56671
52981
48687
12579
10881
47961
18535
18775
18807
12663
12835
35169
12339
10849
34913
12711
12631
18539
12815
18459
47265
12559
18595
46281
12739
12603
32201
12583
12355
55819
12391
12507
18599
12395
12759
12363
35197
35157
34909
12371
18659
12903
12659
18519
18727
30247
60909
18603
52941
12403
18815
47945
56647
56631
12411
47969
12439
30331
33461
12387
10327
12591
12755
33441
51227
12451
12515
12887
10319
33465
18711
18575
12331
33453
18763
48703
12487
56073
56703
12719
12683
18723
12803
12567
10837
10841
18615
30295
12427
56081
54649
12863
10873
18527
12847
30327
10889
12655
18635
30279
18455
56643
12647
55843
12895
20803
34929
52961
18487
18587
56377
35165
10833
10311
18799
56093
47965
10303
10339
27385
56627
20807
46293
18735
12423
10299
18875
12519
18871
18747
35173
18655
18507
18779
18479
12463
12467
47703
10829
18471
35161
56687
60933
54669
18555
12679
18787
12511
56699
30263
32205
12799
10885
56651
34905
35181
48663
18559
47249
56679
52965
12839
56077
60881
55847
12407
18627
47953
18467
12723
34901
12327
10861
12435
18751
56635
12819
12503
56431
35185
12787
35189
30267
56615
12823
12891
12807
12575
18579
34889
56659
47695
10343
48671
12687
18443
18679
18439
12907
47289
30283
12621
52421
18755
12667
18683
12671
12783
18427
48695
54665
47683
48655
56655
12431
12527
12703
18691
35153
18743
12751
12359
56667
18551
35149
12475
12479
18699
51937
12563
56427
51933
56607
56611
10315
12879
35205
48679
52949
12627
18759
12347
18715
34921
12763
18767
48647
18651
18863
12571
30271
18491
33457
54681
18695
27389
56085
18639
12731
35213
55823
48651
18547
30335
48639
12443
18831
12867
32213
30307
56373
12335
12883
47699
56065
12691
18523
47257
30251
54653
18631
12747
46289
56639
12607
47973
56061
47261
12859
55851
18855
18663
12523
10323
12811
10857
54645
18731
18795
18719
32209
48635
56037
32197
18827
12535
12771
18415
47687
47273
30299
34897
12727
18447
56675
12299
10295
56423
12779
30255
34893
56695
30291
33433
12827
56097
12483
12643
18495
12767
35193
12343
18475
18819
12899
32221
12551
55839
12611
34925
30315
10331
18511
52985
12699
56435
18431
47277
12471
34917
10335
30303
52425
18423
18483
18811
56691
55835
12775
12495
12855
10845
12843
18567
18879
55855
10853
52953
33437
56033
56069
12795
34885
52977
18543
12695
30339
18671
12367
60977
47707
33469
48683
18643
47281
12447
12383
12735
12635
18563
56603
18647
12539
56619
10865
12375
55831
10869
12871
12651
47949
10893
52945
47957
48691
48707
48575
18571
18611
10307
55827
47253
18883
12491
54677
46285
18451
52973
35201
18703
52969
48699
48675
12715
47269
12323
12675
52957
12743
12615
18839
12351
10877
33429
51929
12875
33445
54685
18583
48643
32217
18411
18847
12595
56057
12531
30311
54661
18419
18619
12587
